# k_h
9.537267033010721207e-06
1.044135842676041648e-05
1.143115423474228010e-05
1.251477897312724963e-05
1.370112568110926077e-05
1.499993322795489803e-05
1.642186180106364191e-05
1.797858385543804616e-05
1.968287688214331865e-05
2.154872890969272703e-05
2.359145400987472385e-05
2.582782326499000192e-05
2.827618845913093537e-05
3.095664942520670593e-05
3.389120684005320072e-05
3.710394594236277044e-05
4.062124207848683000e-05
4.447195897228084505e-05
4.868771065957844257e-05
5.330309431883506477e-05
5.835599949932657182e-05
6.388789915945380926e-05
6.994419527472928166e-05
7.657460082555189729e-05
8.383353997487574816e-05
9.178060281556099653e-05
1.004810037557035685e-04
1.100061708712019026e-04
1.204342843266204000e-04
1.318509312113747001e-04
1.443498331354930997e-04
1.580335811013355851e-04
1.730144722387194633e-04
1.894154993351548910e-04
2.073712821584194899e-04
2.270291734021157026e-04
2.485505538061261177e-04
2.721120836213231087e-04
2.979071286972612143e-04
3.261474485043436289e-04
3.570648259483277798e-04
3.909130464307963848e-04
4.279699060134589672e-04
4.685395979322493076e-04
5.129551282152533531e-04
5.615810514427721500e-04
6.148165557533502579e-04
6.730984896421432495e-04
7.369053200818598270e-04
8.067607996053993702e-04
8.832382154650986195e-04
9.669653954915702343e-04
1.058629597537219524e-03
1.158983097411692142e-03
1.268849708139896393e-03
1.389131182804703712e-03
1.520814723335206509e-03
1.664981478825211525e-03
1.822814578190445900e-03
1.995609374716877937e-03
2.184784738346934319e-03
2.391892718151211739e-03
2.618633909150958061e-03
2.866869093850255013e-03
3.138636006042361259e-03
3.436165163293480873e-03
3.761898726224899292e-03
4.118510521948337555e-03
4.508927464485168457e-03
4.936354700475931168e-03
5.404299590736627579e-03
5.916603840887546539e-03
6.477472372353076935e-03
7.091508712619543076e-03
7.763753179460763931e-03
8.499723859131336212e-03
9.305461309850215912e-03
1.018757838755846024e-02
1.115331705659627914e-02
1.221060380339622498e-02
1.336811576038599014e-02
1.463535521179437637e-02
1.602272503077983856e-02
1.754160970449447632e-02
1.920447871088981628e-02
2.102497965097427368e-02
2.301805838942527771e-02
2.520007081329822540e-02
2.758892811834812164e-02
3.020424023270606995e-02
3.306747227907180786e-02
3.620212525129318237e-02
3.963392972946166992e-02
4.339105635881423950e-02
4.706260561943054199e-02
5.073415860533714294e-02
5.440570786595344543e-02
5.807726085186004639e-02
6.174881011247634888e-02
6.542035937309265137e-02
6.909191608428955078e-02
7.276346534490585327e-02
7.643501460552215576e-02
8.010656386613845825e-02
8.377812057733535767e-02
8.744966983795166016e-02
9.112121909856796265e-02
9.702265262603759766e-02
1.029240861535072327e-01
1.088255271315574646e-01
1.147269606590270996e-01
1.206283941864967346e-01
1.265298277139663696e-01
1.324312686920166016e-01
1.383326947689056396e-01
1.442341357469558716e-01
1.501355618238449097e-01
1.560370028018951416e-01
1.619384288787841797e-01
1.678398698568344116e-01
1.737412959337234497e-01
1.796427369117736816e-01
1.855441778898239136e-01
1.914456039667129517e-01
1.973470449447631836e-01
2.032484710216522217e-01
2.091499119997024536e-01
2.150513380765914917e-01
2.209527790546417236e-01
2.268542200326919556e-01
2.327556461095809937e-01
2.386570870876312256e-01
2.445585131645202637e-01
2.504599392414093018e-01
2.563613951206207275e-01
2.622628211975097656e-01
2.681642472743988037e-01
2.740657031536102295e-01
2.799671292304992676e-01
2.858685553073883057e-01
2.917699813842773438e-01
2.976714372634887695e-01
3.035728633403778076e-01
3.094742894172668457e-01
3.153757154941558838e-01
3.212771713733673096e-01
3.271785974502563477e-01
3.330800235271453857e-01
3.389814794063568115e-01
3.448829054832458496e-01
3.507843315601348877e-01
3.566857576370239258e-01
3.625872135162353516e-01
3.684886395931243896e-01
3.743900656700134277e-01
3.802915215492248535e-01
3.861929476261138916e-01
3.920943737030029297e-01
3.979957997798919678e-01
4.038972556591033936e-01
4.097986817359924316e-01
4.157001078128814697e-01
4.216015636920928955e-01
4.275029897689819336e-01
4.334044158458709717e-01
4.393058419227600098e-01
4.452072978019714355e-01
4.511087238788604736e-01
4.570101499557495117e-01
4.629115760326385498e-01
4.688130319118499756e-01
4.747144579887390137e-01
4.806158840656280518e-01
4.865173399448394775e-01
4.924187660217285156e-01
4.983201920986175537e-01
5.042216181755065918e-01
5.101230740547180176e-01
5.160245299339294434e-01
5.219259262084960938e-01
5.278273820877075195e-01
5.337287783622741699e-01
5.396302342414855957e-01
5.455316901206970215e-01
6.046299934387207031e-01
8.186421394348144531e-01
1.108404994010925293e+00
1.500730991363525391e+00
2.031923055648803711e+00
2.751133441925048828e+00
3.724912166595458984e+00
5.043365478515625000e+00
6.828492164611816406e+00
9.245474815368652344e+00
1.251796054840087891e+01
1.694876098632812500e+01
2.294786834716796875e+01
3.107039260864257812e+01
4.206792831420898438e+01
5.695810317993164062e+01
7.711873626708984375e+01
1.044153366088867188e+02
1.413737182617187500e+02
1.914137268066406250e+02
