4.629334863608061568e+01
5.051722121507658159e+01
5.512648364439299797e+01
6.015628371684620390e+01
6.564499779388873435e+01
7.163452693629527346e+01
7.817049987126220856e+01
8.530282227415872853e+01
9.308586412481740524e+01
1.015790026647289750e+02
1.108470367186906032e+02
1.209606130938126967e+02
1.319968531524392859e+02
1.440399781600748952e+02
1.571817607699670418e+02
1.715223776184756161e+02
1.871711966859264180e+02
2.042474722984663913e+02
2.228813875245867848e+02
2.432148010818936541e+02
2.654026300718555831e+02
2.896138818886129229e+02
3.160327815072939188e+02
3.448603437640584275e+02
3.763158015512494785e+02
4.106381729514953918e+02
4.480880159482146610e+02
4.889495259979912589e+02
5.335322775227663215e+02
5.821735808443525002e+02
6.352411734482434440e+02
6.931352976979887899e+02
7.562912675266704809e+02
8.251833835045628120e+02
9.003270034356015685e+02
9.822821194801499587e+02
1.071657021740956679e+03
1.169111482370752128e+03
1.275360790190316493e+03
1.391178636656914023e+03
1.517402196255530271e+03
1.654934781705782370e+03
1.804749056102295071e+03
1.967891469575896281e+03
2.145485818388305233e+03
2.338734492965083064e+03
2.548920316139841361e+03
2.777409281599681890e+03
3.025650993066675255e+03
3.295175479272329994e+03
3.587592317544229900e+03
3.904580459884126867e+03
4.247882486841276659e+03
4.619287810516331774e+03
5.020613593460825541e+03
5.453682719089722923e+03
5.920295552477296042e+03
6.422193719760566637e+03
6.961017766752936950e+03
7.538260917649862677e+03
8.155199380776027283e+03
8.812841135772250709e+03
9.511854797419116949e+03
1.025249075412157254e+04
1.103449748532415470e+04
1.185702401588567045e+04
1.271850459918454908e+04
1.361650704461849273e+04
1.454761832742987281e+04
1.550726967660167611e+04
1.648963162621671654e+04
1.748823356924489781e+04
1.849283317783854363e+04
1.949364943500115260e+04
2.047827558342664997e+04
2.143212532632259172e+04
2.233854058076160436e+04
2.317909324355982244e+04
2.393294866921673383e+04
2.457711195667558059e+04
2.508706829409562852e+04
2.543712738323907251e+04
2.560165505390063481e+04
2.560659229660489655e+04
2.534317084851481195e+04
2.483738276286649125e+04
2.404543672906718712e+04
2.304438978116689032e+04
2.185473880085955534e+04
2.047110296742041828e+04
1.896045250155197209e+04
1.742937644903481851e+04
1.594761070370417292e+04
1.459383410871301749e+04
1.353734933237521909e+04
1.271389620405976530e+04
1.205873039000237077e+04
1.152730013622314982e+04
1.106441061530456318e+04
1.061704718374599724e+04
1.014461285157794919e+04
9.629522393381947040e+03
9.101518555473398010e+03
8.528842778772148449e+03
7.939517244950654458e+03
7.356662199866795163e+03
6.806305688377349725e+03
6.044214319733700904e+03
5.464034489663181375e+03
5.051445133142842678e+03
4.767282612738385978e+03
4.556855711011398853e+03
4.360310518561892422e+03
4.136227891121897301e+03
3.871869484183763689e+03
3.576819357063730877e+03
3.275250358353869160e+03
2.996805260932915189e+03
2.763993230395567934e+03
2.584686048916806158e+03
2.453290870881851333e+03
2.355340977922478032e+03
2.272703851442827272e+03
2.189288286885768230e+03
2.094921864460428424e+03
1.986909393532902186e+03
1.869972479367521828e+03
1.753103310893609205e+03
1.644778733932346540e+03
1.551003382545377235e+03
1.474671899207932711e+03
1.414180492511831289e+03
1.364318655357553780e+03
1.319402591443322763e+03
1.274829980681435472e+03
1.227417431261310867e+03
1.176280879307668329e+03
1.122903621005674722e+03
1.069946242807222006e+03
1.020113093568886711e+03
9.753401854101144863e+02
9.363732772410845655e+02
9.028661915432620617e+02
8.735132714613331473e+02
8.463953274562395563e+02
8.198495429676155482e+02
7.929998277079798754e+02
7.655694929434646383e+02
7.377627701836260030e+02
7.103044029076093011e+02
6.841032123060874710e+02
6.597916872452858570e+02
6.376073239546414015e+02
6.174694734958910658e+02
5.990261407431207772e+02
5.817365317165891838e+02
5.650473243973867739e+02
5.485783029496152494e+02
5.322171530825647778e+02
5.160324353063656417e+02
5.001802597697349597e+02
4.848726492743196559e+02
4.703349313914524714e+02
4.566908100357364901e+02
4.439111788639101519e+02
4.318800637639482716e+02
4.204495570183693189e+02
4.094553063351099240e+02
3.987561725473250931e+02
3.882774760003810002e+02
3.780155194446878681e+02
3.680150240312158871e+02
3.583341852875342397e+02
3.490195571239030414e+02
3.401052485193439452e+02
3.316040968636773414e+02
3.234883872468676600e+02
3.156997681548209016e+02
3.081816661740431869e+02
3.008928323446868944e+02
2.938040697098168152e+02
2.868974938374544763e+02
2.801723663582370705e+02
2.736433894038561903e+02
2.190838164775811094e+02
1.119081956164015565e+02
5.592833947867013222e+01
2.742442446260575650e+01
1.322635518021968437e+01
6.287212979631686238e+00
2.950885451570131934e+00
1.369540471426863748e+00
6.293259321037804055e-01
2.866280294894570924e-01
1.295066905114461708e-01
5.809237153489130168e-02
2.588446803970134366e-02
1.146050830530191515e-02
5.042469204984856290e-03
2.203874523213583767e-03
9.557477915069909806e-04
4.102726994446780030e-04
1.735571790027949190e-04
7.180488720490518328e-05
